ALA
0
0.25
100
0.125  9.28256
0.375  9.28256
0.625  -0.461769
0.875  -0.357347
1.125  -0.219013
1.375  -0.17411
1.625  -0.152694
1.875  -0.0370179
2.125  -0.00966691
2.375  -0.0154537
2.625  -0.00139285
2.875  -0.01508
3.125  0.0164961
3.375  0.015022
3.625  0.0405904
3.875  0.0328522
4.125  0.0481443
4.375  0.0535066
4.625  0.0580918
4.875  0.0711847
5.125  0.0777269
5.375  0.0905374
5.625  0.0923805
5.875  0.0767926
6.125  0.0792096
6.375  0.0628104
6.625  0.050708
6.875  0.0558153
7.125  0.0618879
7.375  0.0802205
7.625  0.0814618
7.875  0.0828015
8.125  0.0612557
8.375  0.0690834
8.625  0.062912
8.875  0.0622782
9.125  0.0715701
9.375  0.0763958
9.625  0.0693642
9.875  0.0605877
10.125  0.0632942
10.375  0.0644812
10.625  0.0644802
10.875  0.0378948
11.125  0.0485732
11.375  0.0284146
11.625  0.0210783
11.875  0.00610417
12.125  -0.0152718
12.375  -0.0286363
12.625  -0.0494641
12.875  -0.0630988
13.125  -0.0783173
13.375  -0.0981825
13.625  -0.108451
13.875  -0.125117
14.125  -0.143526
14.375  -0.145355
14.625  -0.160238
14.875  -0.165441
15.125  -0.193314
15.375  -0.198515
15.625  -0.219779
15.875  -0.224895
16.125  -0.239767
16.375  -0.250546
16.625  -0.248778
16.875  -0.253909
17.125  -0.263207
17.375  -0.263749
17.625  -0.276231
17.875  -0.325681
18.125  -0.328252
18.375  -0.282888
18.625  -0.365585
18.875  -0.327013
19.125  -0.365272
19.375  -0.365713
19.625  -0.395749
19.875  -0.300627
20.125  -0.124825
20.375  -0.367066
20.625  -0.0227338
20.875  -0.375115
21.125  -0.201245
21.375  9.28256
21.625  9.28256
21.875  -0.535858
22.125  9.28256
22.375  9.28256
22.625  9.28256
22.875  9.28256
23.125  9.28256
23.375  -0.64028
23.625  -0.64028
23.875  9.28256
24.125  9.28256
24.375  9.28256
24.625  9.28256
24.875  9.28256
ARG
0
0.25
100
0.125  9.28256
0.375  9.28256
0.625  9.28256
0.875  9.28256
1.125  -0.00197362
1.375  9.28256
1.625  0.131913
1.875  0.0766482
2.125  -0.018584
2.375  -0.0137791
2.625  0.0180011
2.875  -0.00882876
3.125  0.0200714
3.375  0.00245405
3.625  -0.00451163
3.875  0.031784
4.125  0.0350807
4.375  0.0461356
4.625  0.0580359
4.875  0.0647935
5.125  0.0509566
5.375  0.033737
5.625  0.037771
5.875  0.023266
6.125  0.0172362
6.375  -0.00112492
6.625  -0.0243468
6.875  -0.0218369
7.125  -0.0301665
7.375  -0.041251
7.625  -0.0502256
7.875  -0.0542675
8.125  -0.0626351
8.375  -0.0737147
8.625  -0.0644889
8.875  -0.0655461
9.125  -0.0611734
9.375  -0.0766883
9.625  -0.0725708
9.875  -0.0619451
10.125  -0.0525117
10.375  -0.0449718
10.625  -0.0369989
10.875  -0.0260443
11.125  -0.0201258
11.375  -0.00875396
11.625  -0.000940331
11.875  0.0154977
12.125  0.0377245
12.375  0.0541075
12.625  0.0655261
12.875  0.0841758
13.125  0.105162
13.375  0.137579
13.625  0.14908
13.875  0.17242
14.125  0.183881
14.375  0.203742
14.625  0.214582
14.875  0.234298
15.125  0.287253
15.375  0.293677
15.625  0.260608
15.875  0.291612
16.125  0.32089
16.375  0.329734
16.625  0.463681
16.875  0.445157
17.125  0.464985
17.375  0.423691
17.625  0.42666
17.875  9.28256
18.125  0.556733
18.375  0.329396
18.625  9.28256
18.875  0.546601
19.125  9.28256
19.375  9.28256
19.625  9.28256
19.875  9.28256
20.125  9.28256
20.375  9.28256
20.625  9.28256
20.875  9.28256
21.125  9.28256
21.375  9.28256
21.625  9.28256
21.875  9.28256
22.125  9.28256
22.375  9.28256
22.625  9.28256
22.875  9.28256
23.125  9.28256
23.375  9.28256
23.625  9.28256
23.875  9.28256
24.125  9.28256
24.375  9.28256
24.625  9.28256
24.875  9.28256
ASN
0
0.25
100
0.125  9.28256
0.375  9.28256
0.625  9.28256
0.875  9.28256
1.125  -0.052322
1.375  -0.196444
1.625  -0.0228572
1.875  0.048231
2.125  0.0646759
2.375  0.0621186
2.625  0.00524114
2.875  -0.0411322
3.125  -0.0264331
3.375  -0.0111551
3.625  -0.0352079
3.875  -0.108719
4.125  -0.150463
4.375  -0.124263
4.625  -0.145868
4.875  -0.136115
5.125  -0.121477
5.375  -0.123961
5.625  -0.108428
5.875  -0.0874102
6.125  -0.114849
6.375  -0.104757
6.625  -0.0887581
6.875  -0.0900759
7.125  -0.0791799
7.375  -0.0746429
7.625  -0.0722559
7.875  -0.0614342
8.125  -0.0517395
8.375  -0.0499378
8.625  -0.0377753
8.875  -0.033824
9.125  -0.0297183
9.375  -0.0180083
9.625  -0.0110265
9.875  -0.00688233
10.125  -0.00511859
10.375  0.0202466
10.625  0.0240951
10.875  0.0219466
11.125  0.029621
11.375  0.0475235
11.625  0.0435688
11.875  0.0695533
12.125  0.0801709
12.375  0.0915101
12.625  0.0964199
12.875  0.105319
13.125  0.117257
13.375  0.108251
13.625  0.108202
13.875  0.111938
14.125  0.106675
14.375  0.0792098
14.625  0.0872511
14.875  0.0622239
15.125  0.0709346
15.375  0.0803703
15.625  0.077987
15.875  0.0452601
16.125  0.0559685
16.375  0.097676
16.625  0.115954
16.875  0.157635
17.125  0.145936
17.375  0.113687
17.625  0.127124
17.875  0.135463
18.125  -0.000818827
18.375  0.0759909
18.625  0.232216
18.875  9.28256
19.125  0.64443
19.375  0.387017
19.625  0.54923
19.875  9.28256
20.125  0.294465
20.375  9.28256
20.625  9.28256
20.875  9.28256
21.125  9.28256
21.375  9.28256
21.625  9.28256
21.875  9.28256
22.125  9.28256
22.375  9.28256
22.625  9.28256
22.875  9.28256
23.125  9.28256
23.375  9.28256
23.625  9.28256
23.875  9.28256
24.125  9.28256
24.375  9.28256
24.625  9.28256
24.875  9.28256
ASP
0
0.25
100
0.125  9.28256
0.375  9.28256
0.625  9.28256
0.875  9.28256
1.125  0.389429
1.375  -0.0542468
1.625  0.0842806
1.875  0.0266374
2.125  -0.0628502
2.375  -0.00100088
2.625  -0.0552003
2.875  -0.0284064
3.125  -0.0252969
3.375  -0.0431407
3.625  -0.0389093
3.875  -0.0939713
4.125  -0.117334
4.375  -0.180625
4.625  -0.201973
4.875  -0.207199
5.125  -0.179934
5.375  -0.188295
5.625  -0.177462
5.875  -0.169703
6.125  -0.157016
6.375  -0.146526
6.625  -0.151797
6.875  -0.143607
7.125  -0.129894
7.375  -0.126343
7.625  -0.114392
7.875  -0.0989691
8.125  -0.0905179
8.375  -0.0880556
8.625  -0.0828712
8.875  -0.0747823
9.125  -0.0547945
9.375  -0.0384471
9.625  -0.0245393
9.875  -0.000716179
10.125  0.0121583
10.375  0.0316335
10.625  0.0450576
10.875  0.0675266
11.125  0.0769021
11.375  0.0879102
11.625  0.118508
11.875  0.140492
12.125  0.142153
12.375  0.16817
12.625  0.183158
12.875  0.196099
13.125  0.211625
13.375  0.204359
13.625  0.206761
13.875  0.229921
14.125  0.224913
14.375  0.227686
14.625  0.217286
14.875  0.215687
15.125  0.230267
15.375  0.236586
15.625  0.234526
15.875  0.217805
16.125  0.203368
16.375  0.227459
16.625  0.235742
16.875  0.237638
17.125  0.248852
17.375  0.304584
17.625  0.160641
17.875  0.252427
18.125  0.459557
18.375  0.390911
18.625  0.52579
18.875  0.25835
19.125  9.28256
19.375  0.650257
19.625  0.455449
19.875  9.28256
20.125  9.28256
20.375  9.28256
20.625  9.28256
20.875  9.28256
21.125  9.28256
21.375  9.28256
21.625  9.28256
21.875  9.28256
22.125  9.28256
22.375  9.28256
22.625  9.28256
22.875  9.28256
23.125  9.28256
23.375  9.28256
23.625  9.28256
23.875  9.28256
24.125  9.28256
24.375  9.28256
24.625  9.28256
24.875  9.28256
ASX
0
0.25
100
0.125  9.28256
0.375  9.28256
0.625  9.28256
0.875  9.28256
1.125  9.28256
1.375  9.28256
1.625  9.28256
1.875  9.28256
2.125  9.28256
2.375  9.28256
2.625  9.28256
2.875  9.28256
3.125  9.28256
3.375  9.28256
3.625  9.28256
3.875  9.28256
4.125  9.28256
4.375  9.28256
4.625  9.28256
4.875  9.28256
5.125  9.28256
5.375  9.28256
5.625  9.28256
5.875  9.28256
6.125  9.28256
6.375  9.28256
6.625  9.28256
6.875  9.28256
7.125  9.28256
7.375  9.28256
7.625  9.28256
7.875  9.28256
8.125  9.28256
8.375  9.28256
8.625  9.28256
8.875  9.28256
9.125  9.28256
9.375  9.28256
9.625  9.28256
9.875  9.28256
10.125  9.28256
10.375  9.28256
10.625  9.28256
10.875  9.28256
11.125  9.28256
11.375  -0.880254
11.625  9.28256
11.875  9.28256
12.125  9.28256
12.375  9.28256
12.625  9.28256
12.875  9.28256
13.125  9.28256
13.375  9.28256
13.625  9.28256
13.875  9.28256
14.125  9.28256
14.375  9.28256
14.625  9.28256
14.875  9.28256
15.125  9.28256
15.375  9.28256
15.625  9.28256
15.875  9.28256
16.125  9.28256
16.375  9.28256
16.625  9.28256
16.875  9.28256
17.125  9.28256
17.375  9.28256
17.625  9.28256
17.875  9.28256
18.125  9.28256
18.375  9.28256
18.625  9.28256
18.875  9.28256
19.125  9.28256
19.375  9.28256
19.625  9.28256
19.875  9.28256
20.125  9.28256
20.375  9.28256
20.625  9.28256
20.875  9.28256
21.125  9.28256
21.375  9.28256
21.625  9.28256
21.875  9.28256
22.125  9.28256
22.375  9.28256
22.625  9.28256
22.875  9.28256
23.125  9.28256
23.375  9.28256
23.625  9.28256
23.875  9.28256
24.125  9.28256
24.375  9.28256
24.625  9.28256
24.875  9.28256
CYS
0
0.25
100
0.125  9.28256
0.375  9.28256
0.625  9.28256
0.875  9.28256
1.125  9.28256
1.375  9.28256
1.625  9.28256
1.875  0.177561
2.125  0.139126
2.375  0.39189
2.625  0.248359
2.875  0.349242
3.125  0.159217
3.375  0.266352
3.625  0.349
3.875  0.313726
4.125  0.356942
4.375  0.468174
4.625  0.416751
4.875  0.393135
5.125  0.474823
5.375  0.390926
5.625  0.404845
5.875  0.378089
6.125  0.448022
6.375  0.430331
6.625  0.373314
6.875  0.347051
7.125  0.337174
7.375  0.282638
7.625  0.31431
7.875  0.273368
8.125  0.234028
8.375  0.225925
8.625  0.243867
8.875  0.194514
9.125  0.159096
9.375  0.151205
9.625  0.129332
9.875  0.0885622
10.125  0.0824953
10.375  0.0457227
10.625  0.0350584
10.875  0.00422423
11.125  -0.0116229
11.375  -0.022774
11.625  -0.0345161
11.875  -0.0592122
12.125  -0.0781737
12.375  -0.101685
12.625  -0.108577
12.875  -0.125535
13.125  -0.145456
13.375  -0.173633
13.625  -0.196204
13.875  -0.200533
14.125  -0.224376
14.375  -0.241086
14.625  -0.239674
14.875  -0.254269
15.125  -0.247878
15.375  -0.245158
15.625  -0.257326
15.875  -0.279253
16.125  -0.310454
16.375  -0.265124
16.625  -0.273627
16.875  -0.354772
17.125  -0.268059
17.375  -0.225083
17.625  -0.309413
17.875  -0.338872
18.125  -0.248144
18.375  -0.366333
18.625  -0.157365
18.875  -0.102173
19.125  -0.206595
19.375  -0.211409
19.625  -0.123284
19.875  0.0176752
20.125  -0.021028
20.375  9.28256
20.625  9.28256
20.875  9.28256
21.125  9.28256
21.375  9.28256
21.625  9.28256
21.875  9.28256
22.125  9.28256
22.375  9.28256
22.625  9.28256
22.875  9.28256
23.125  9.28256
23.375  9.28256
23.625  9.28256
23.875  9.28256
24.125  9.28256
24.375  9.28256
24.625  9.28256
24.875  9.28256
GLN
0
0.25
100
0.125  -0.662418
0.375  9.28256
0.625  9.28256
0.875  9.28256
1.125  9.28256
1.375  -0.0918261
1.625  0.233137
1.875  0.0100932
2.125  -0.0632281
2.375  -0.0639322
2.625  -0.0495667
2.875  -0.0152346
3.125  -0.0591165
3.375  -0.0128604
3.625  -0.0333685
3.875  -0.0352791
4.125  -0.0178092
4.375  -0.0167864
4.625  -0.0228617
4.875  0.0165187
5.125  -0.0314222
5.375  -0.031435
5.625  -0.0204782
5.875  -0.0219139
6.125  -0.0383665
6.375  -0.0654972
6.625  -0.069318
6.875  -0.0813482
7.125  -0.0794523
7.375  -0.0804805
7.625  -0.0696353
7.875  -0.0738226
8.125  -0.0928061
8.375  -0.103199
8.625  -0.0967248
8.875  -0.0827261
9.125  -0.0751249
9.375  -0.0568277
9.625  -0.0507349
9.875  -0.0453646
10.125  -0.014766
10.375  -0.0162154
10.625  -0.00241637
10.875  -7.77154e-05
11.125  0.0243317
11.375  0.0485025
11.625  0.0559038
11.875  0.0554105
12.125  0.0776097
12.375  0.0934074
12.625  0.115357
12.875  0.131946
13.125  0.139627
13.375  0.147127
13.625  0.141306
13.875  0.143219
14.125  0.170712
14.375  0.197393
14.625  0.179064
14.875  0.223808
15.125  0.226652
15.375  0.22889
15.625  0.252906
15.875  0.231428
16.125  0.268465
16.375  0.304605
16.625  0.288661
16.875  0.380135
17.125  0.404873
17.375  0.356123
17.625  0.207195
17.875  0.272315
18.125  0.405357
18.375  0.0161303
18.625  0.771143
18.875  0.364892
19.125  9.28256
19.375  0.181567
19.625  9.28256
19.875  9.28256
20.125  9.28256
20.375  9.28256
20.625  9.28256
20.875  9.28256
21.125  9.28256
21.375  9.28256
21.625  9.28256
21.875  9.28256
22.125  9.28256
22.375  9.28256
22.625  9.28256
22.875  9.28256
23.125  9.28256
23.375  9.28256
23.625  9.28256
23.875  9.28256
24.125  9.28256
24.375  9.28256
24.625  9.28256
24.875  9.28256
GLU
0
0.25
100
0.125  9.28256
0.375  9.28256
0.625  9.28256
0.875  9.28256
1.125  -0.0322496
1.375  -0.0144814
1.625  0.101637
1.875  -0.0354819
2.125  -0.0115342
2.375  -0.0239771
2.625  -0.0487751
2.875  -0.0631219
3.125  -0.0814157
3.375  -0.0857853
3.625  -0.0914832
3.875  -0.104111
4.125  -0.111027
4.375  -0.1163
4.625  -0.125962
4.875  -0.134587
5.125  -0.136394
5.375  -0.136232
5.625  -0.142105
5.875  -0.13987
6.125  -0.137588
6.375  -0.164684
6.625  -0.162269
6.875  -0.154511
7.125  -0.153562
7.375  -0.140447
7.625  -0.132639
7.875  -0.124706
8.125  -0.1281
8.375  -0.119893
8.625  -0.11365
8.875  -0.0953268
9.125  -0.0794802
9.375  -0.059678
9.625  -0.0387054
9.875  -0.0171385
10.125  0.00136783
10.375  0.030234
10.625  0.0471901
10.875  0.0621826
11.125  0.081452
11.375  0.102907
11.625  0.122703
11.875  0.132242
12.125  0.168974
12.375  0.193263
12.625  0.211034
12.875  0.240133
13.125  0.260232
13.375  0.276046
13.625  0.313332
13.875  0.336729
14.125  0.342588
14.375  0.341905
14.625  0.35722
14.875  0.368253
15.125  0.36885
15.375  0.391343
15.625  0.375893
15.875  0.424781
16.125  0.395036
16.375  0.514823
16.625  0.488408
16.875  0.595396
17.125  0.467128
17.375  0.575125
17.625  0.666107
17.875  0.753636
18.125  0.591179
18.375  0.713609
18.625  0.744066
18.875  9.28256
19.125  0.590414
19.375  9.28256
19.625  9.28256
19.875  9.28256
20.125  9.28256
20.375  9.28256
20.625  9.28256
20.875  9.28256
21.125  9.28256
21.375  9.28256
21.625  9.28256
21.875  9.28256
22.125  9.28256
22.375  9.28256
22.625  9.28256
22.875  9.28256
23.125  9.28256
23.375  9.28256
23.625  9.28256
23.875  9.28256
24.125  9.28256
24.375  9.28256
24.625  9.28256
24.875  9.28256
GLX
0
0.25
100
0.125  9.28256
0.375  9.28256
0.625  9.28256
0.875  9.28256
1.125  9.28256
1.375  9.28256
1.625  9.28256
1.875  9.28256
2.125  9.28256
2.375  9.28256
2.625  9.28256
2.875  9.28256
3.125  9.28256
3.375  9.28256
3.625  9.28256
3.875  9.28256
4.125  9.28256
4.375  9.28256
4.625  9.28256
4.875  9.28256
5.125  9.28256
5.375  9.28256
5.625  9.28256
5.875  9.28256
6.125  9.28256
6.375  9.28256
6.625  9.28256
6.875  9.28256
7.125  9.28256
7.375  -0.985579
7.625  9.28256
7.875  9.28256
8.125  9.28256
8.375  9.28256
8.625  9.28256
8.875  9.28256
9.125  9.28256
9.375  9.28256
9.625  9.28256
9.875  9.28256
10.125  9.28256
10.375  9.28256
10.625  9.28256
10.875  9.28256
11.125  9.28256
11.375  9.28256
11.625  9.28256
11.875  9.28256
12.125  9.28256
12.375  9.28256
12.625  9.28256
12.875  9.28256
13.125  9.28256
13.375  9.28256
13.625  9.28256
13.875  9.28256
14.125  9.28256
14.375  9.28256
14.625  9.28256
14.875  9.28256
15.125  9.28256
15.375  9.28256
15.625  9.28256
15.875  9.28256
16.125  9.28256
16.375  9.28256
16.625  9.28256
16.875  9.28256
17.125  9.28256
17.375  9.28256
17.625  9.28256
17.875  9.28256
18.125  9.28256
18.375  9.28256
18.625  9.28256
18.875  9.28256
19.125  9.28256
19.375  9.28256
19.625  9.28256
19.875  9.28256
20.125  9.28256
20.375  9.28256
20.625  9.28256
20.875  9.28256
21.125  9.28256
21.375  9.28256
21.625  9.28256
21.875  9.28256
22.125  9.28256
22.375  9.28256
22.625  9.28256
22.875  9.28256
23.125  9.28256
23.375  9.28256
23.625  9.28256
23.875  9.28256
24.125  9.28256
24.375  9.28256
24.625  9.28256
24.875  9.28256
GLY
0
0.25
100
0.125  -0.50083
0.375  9.28256
0.625  -0.264851
0.875  -0.453875
1.125  -0.290308
1.375  -0.361348
1.625  -0.156421
1.875  -0.121984
2.125  -0.100229
2.375  -0.133994
2.625  -0.0697702
2.875  -0.0409307
3.125  -0.0543184
3.375  -0.0201365
3.625  -0.0339239
3.875  -0.103663
4.125  -0.138791
4.375  -0.145608
4.625  -0.142708
4.875  -0.149558
5.125  -0.124448
5.375  -0.103706
5.625  -0.11267
5.875  -0.132772
6.125  -0.121471
6.375  -0.0919267
6.625  -0.0711455
6.875  -0.0625722
7.125  -0.0511085
7.375  -0.0406506
7.625  -0.0288652
7.875  -0.0012508
8.125  0.028379
8.375  0.0429411
8.625  0.0484348
8.875  0.0601964
9.125  0.0667485
9.375  0.0716024
9.625  0.0793314
9.875  0.076624
10.125  0.0840169
10.375  0.0841292
10.625  0.0798028
10.875  0.0878354
11.125  0.0943492
11.375  0.0824202
11.625  0.0829526
11.875  0.0783868
12.125  0.0673397
12.375  0.0554941
12.625  0.0465262
12.875  0.0328358
13.125  0.00626479
13.375  -0.00247346
13.625  -0.0341868
13.875  -0.0429984
14.125  -0.0685453
14.375  -0.0871525
14.625  -0.119601
14.875  -0.149144
15.125  -0.177219
15.375  -0.199333
15.625  -0.21121
15.875  -0.238607
16.125  -0.24823
16.375  -0.267147
16.625  -0.288994
16.875  -0.28473
17.125  -0.307093
17.375  -0.323644
17.625  -0.362247
17.875  -0.335453
18.125  -0.371556
18.375  -0.360377
18.625  -0.355968
18.875  -0.436107
19.125  -0.336243
19.375  -0.452901
19.625  -0.352796
19.875  -0.432661
20.125  -0.419685
20.375  -0.528952
20.625  -0.597327
20.875  -0.565552
21.125  -0.597327
21.375  -0.67934
21.625  -0.67934
21.875  9.28256
22.125  -0.67934
22.375  9.28256
22.625  9.28256
22.875  9.28256
23.125  9.28256
23.375  9.28256
23.625  9.28256
23.875  9.28256
24.125  9.28256
24.375  9.28256
24.625  9.28256
24.875  9.28256
HIS
0
0.25
100
0.125  9.28256
0.375  9.28256
0.625  -0.55193
0.875  -0.430887
1.125  -0.130663
1.375  -0.217317
1.625  -0.331389
1.875  -0.232298
2.125  -0.221362
2.375  -0.133737
2.625  -0.139723
2.875  -0.162708
3.125  -0.17496
3.375  -0.151277
3.625  -0.156309
3.875  -0.0634689
4.125  -0.0612863
4.375  -0.0384531
4.625  0.0368167
4.875  0.00552666
5.125  0.0100952
5.375  0.00700879
5.625  0.0290785
5.875  0.0105441
6.125  0.0235877
6.375  0.0409271
6.625  0.0252213
6.875  0.0122022
7.125  -0.00139095
7.375  -0.00547903
7.625  -0.0116132
7.875  -0.017264
8.125  -0.00564202
8.375  -0.0210922
8.625  -0.00568143
8.875  -0.0239462
9.125  -0.0236193
9.375  -0.0231533
9.625  -0.0213876
9.875  -0.0237605
10.125  -0.0282091
10.375  -0.0212915
10.625  -0.0254968
10.875  -0.0204838
11.125  -0.0132141
11.375  -0.00151292
11.625  -0.0232271
11.875  -0.0145304
12.125  0.00872741
12.375  0.00968903
12.625  0.0312855
12.875  0.011226
13.125  0.0300286
13.375  0.0204804
13.625  0.0355849
13.875  0.0524079
14.125  0.0662727
14.375  0.0681714
14.625  0.0749725
14.875  0.0571935
15.125  0.079145
15.375  0.0967447
15.625  0.114582
15.875  0.107046
16.125  0.104271
16.375  0.102411
16.625  0.111182
16.875  0.0857326
17.125  0.155031
17.375  0.0330362
17.625  0.210673
17.875  0.298201
18.125  0.15483
18.375  0.436685
18.625  9.28256
18.875  9.28256
19.125  9.28256
19.375  9.28256
19.625  9.28256
19.875  9.28256
20.125  9.28256
20.375  9.28256
20.625  9.28256
20.875  9.28256
21.125  9.28256
21.375  9.28256
21.625  9.28256
21.875  9.28256
22.125  9.28256
22.375  9.28256
22.625  9.28256
22.875  9.28256
23.125  9.28256
23.375  9.28256
23.625  9.28256
23.875  9.28256
24.125  9.28256
24.375  9.28256
24.625  9.28256
24.875  9.28256
ILE
0
0.25
100
0.125  9.28256
0.375  9.28256
0.625  9.28256
0.875  9.28256
1.125  0.390335
1.375  0.303681
1.625  0.524222
1.875  0.265423
2.125  0.328822
2.375  0.234408
2.625  0.284541
2.875  0.15417
3.125  0.186915
3.375  0.226889
3.625  0.176743
3.875  0.256609
4.125  0.30144
4.375  0.315332
4.625  0.344914
4.875  0.358171
5.125  0.382815
5.375  0.362779
5.625  0.349444
5.875  0.349942
6.125  0.342972
6.375  0.326437
6.625  0.318156
6.875  0.285956
7.125  0.251387
7.375  0.223073
7.625  0.188038
7.875  0.161985
8.125  0.140976
8.375  0.131486
8.625  0.107522
8.875  0.0840114
9.125  0.0666873
9.375  0.0544026
9.625  0.02385
9.875  0.0130841
10.125  -0.00335137
10.375  -0.0233642
10.625  -0.0382126
10.875  -0.0526304
11.125  -0.0722108
11.375  -0.079326
11.625  -0.0886829
11.875  -0.0959754
12.125  -0.104466
12.375  -0.109021
12.625  -0.114475
12.875  -0.118099
13.125  -0.11871
13.375  -0.112838
13.625  -0.112087
13.875  -0.107665
14.125  -0.100382
14.375  -0.0894599
14.625  -0.0779083
14.875  -0.0426915
15.125  -0.00929851
15.375  0.00642286
15.625  0.0383223
15.875  0.0520196
16.125  0.075891
16.375  0.118118
16.625  0.087467
16.875  0.0565454
17.125  0.106535
17.375  0.0748219
17.625  0.202658
17.875  0.121776
18.125  0.295162
18.375  0.228027
18.625  0.382574
18.875  0.34591
19.125  0.0901111
19.375  9.28256
19.625  -0.00508882
19.875  9.28256
20.125  9.28256
20.375  9.28256
20.625  9.28256
20.875  9.28256
21.125  -0.110808
21.375  9.28256
21.625  9.28256
21.875  9.28256
22.125  9.28256
22.375  9.28256
22.625  9.28256
22.875  9.28256
23.125  9.28256
23.375  9.28256
23.625  9.28256
23.875  9.28256
24.125  9.28256
24.375  9.28256
24.625  9.28256
24.875  9.28256
LEU
0
0.25
100
0.125  9.28256
0.375  9.28256
0.625  9.28256
0.875  9.28256
1.125  0.0127737
1.375  9.28256
1.625  0.469293
1.875  0.187688
2.125  0.183586
2.375  0.206613
2.625  0.203651
2.875  0.210919
3.125  0.227042
3.375  0.179837
3.625  0.15753
3.875  0.191425
4.125  0.25705
4.375  0.336058
4.625  0.333264
4.875  0.301399
5.125  0.296051
5.375  0.305923
5.625  0.319106
5.875  0.293727
6.125  0.279958
6.375  0.274355
6.625  0.270366
6.875  0.238607
7.125  0.208207
7.375  0.177657
7.625  0.157089
7.875  0.125565
8.125  0.105482
8.375  0.0985551
8.625  0.0799535
8.875  0.0638726
9.125  0.0362775
9.375  0.0120558
9.625  0.000498909
9.875  -0.0232416
10.125  -0.0452585
10.375  -0.057988
10.625  -0.064999
10.875  -0.0759564
11.125  -0.0879614
11.375  -0.0920783
11.625  -0.0881218
11.875  -0.0933239
12.125  -0.0945543
12.375  -0.090656
12.625  -0.0888587
12.875  -0.0859804
13.125  -0.0748584
13.375  -0.0694572
13.625  -0.0647822
13.875  -0.0498083
14.125  -0.0348074
14.375  -0.0237277
14.625  0.00193126
14.875  0.0216123
15.125  0.0475888
15.375  0.0820733
15.625  0.106556
15.875  0.136411
16.125  0.160993
16.375  0.15399
16.625  0.22127
16.875  0.228239
17.125  0.230117
17.375  0.269647
17.625  0.249687
17.875  0.360294
18.125  0.380989
18.375  0.545733
18.625  0.441434
18.875  0.883981
19.125  9.28256
19.375  9.28256
19.625  0.343959
19.875  0.259453
20.125  -0.113864
20.375  9.28256
20.625  9.28256
20.875  9.28256
21.125  9.28256
21.375  9.28256
21.625  9.28256
21.875  9.28256
22.125  9.28256
22.375  9.28256
22.625  9.28256
22.875  9.28256
23.125  9.28256
23.375  9.28256
23.625  9.28256
23.875  9.28256
24.125  9.28256
24.375  9.28256
24.625  9.28256
24.875  9.28256
LYS
0
0.25
100
0.125  9.28256
0.375  9.28256
0.625  -0.146887
0.875  0.0785782
1.125  0.378802
1.375  0.113637
1.625  -0.0384565
1.875  -0.012634
2.125  -0.057157
2.375  -0.0789683
2.625  -0.0760889
2.875  -0.0769317
3.125  -0.0772178
3.375  -0.09033
3.625  -0.0696543
3.875  -0.0761726
4.125  -0.0835833
4.375  -0.0800987
4.625  -0.0599837
4.875  -0.0848879
5.125  -0.0897093
5.375  -0.0898903
5.625  -0.103126
5.875  -0.0976274
6.125  -0.103565
6.375  -0.115569
6.625  -0.122162
6.875  -0.121719
7.125  -0.112016
7.375  -0.110709
7.625  -0.105371
7.875  -0.108601
8.125  -0.11387
8.375  -0.116991
8.625  -0.100985
8.875  -0.0910815
9.125  -0.0798239
9.375  -0.0765968
9.625  -0.0709845
9.875  -0.0501289
10.125  -0.0335493
10.375  -0.0150722
10.625  0.00180696
10.875  0.0204925
11.125  0.033874
11.375  0.0518998
11.625  0.0813293
11.875  0.102048
12.125  0.141542
12.375  0.158759
12.625  0.184291
12.875  0.227234
13.125  0.239555
13.375  0.279562
13.625  0.296819
13.875  0.321556
14.125  0.354986
14.375  0.386595
14.625  0.373638
14.875  0.436884
15.125  0.416656
15.375  0.437065
15.625  0.558134
15.875  0.463658
16.125  0.512326
16.375  0.488647
16.625  0.482529
16.875  0.47497
17.125  0.480562
17.375  0.5822
17.625  0.673183
17.875  0.5822
18.125  0.86342
18.375  0.663217
18.625  9.28256
18.875  0.465933
19.125  0.718533
19.375  0.63963
19.625  9.28256
19.875  9.28256
20.125  9.28256
20.375  0.277703
20.625  9.28256
20.875  9.28256
21.125  9.28256
21.375  9.28256
21.625  9.28256
21.875  9.28256
22.125  9.28256
22.375  9.28256
22.625  9.28256
22.875  9.28256
23.125  9.28256
23.375  9.28256
23.625  9.28256
23.875  9.28256
24.125  9.28256
24.375  9.28256
24.625  9.28256
24.875  9.28256
MET
0
0.25
100
0.125  9.28256
0.375  9.28256
0.625  9.28256
0.875  9.28256
1.125  -0.110171
1.375  9.28256
1.625  -0.185128
1.875  -0.270662
2.125  -0.209907
2.375  -0.121977
2.625  -0.173651
2.875  -0.161386
3.125  -0.173414
3.375  -0.13789
3.625  -0.137732
3.875  -0.0177867
4.125  -0.00165606
4.375  0.098228
4.625  0.146551
4.875  0.145077
5.125  0.136722
5.375  0.178492
5.625  0.17022
5.875  0.186952
6.125  0.200663
6.375  0.200526
6.625  0.188339
6.875  0.175464
7.125  0.168858
7.375  0.157317
7.625  0.138301
7.875  0.125961
8.125  0.114476
8.375  0.10963
8.625  0.0747723
8.875  0.0611524
9.125  0.0708138
9.375  0.0508753
9.625  0.0289583
9.875  0.0175731
10.125  0.0023777
10.375  -0.00984708
10.625  -0.0276081
10.875  -0.0212611
11.125  -0.0446082
11.375  -0.0408378
11.625  -0.0721114
11.875  -0.0452745
12.125  -0.0671341
12.375  -0.0829009
12.625  -0.0900472
12.875  -0.0933396
13.125  -0.0882775
13.375  -0.0928587
13.625  -0.104495
13.875  -0.0909054
14.125  -0.103992
14.375  -0.0756351
14.625  -0.0556023
14.875  -0.0863975
15.125  -0.0417989
15.375  -0.0609456
15.625  -0.042766
15.875  -0.0636973
16.125  0.0043757
16.375  -0.0451561
16.625  0.0034624
16.875  0.0726514
17.125  -0.0124034
17.375  0.0171345
17.625  0.102196
17.875  0.189725
18.125  0.270024
18.375  0.0698219
18.625  0.0605791
18.875  9.28256
19.125  0.0510489
19.375  0.150657
19.625  9.28256
19.875  9.28256
20.125  9.28256
20.375  -0.0327593
20.625  9.28256
20.875  9.28256
21.125  9.28256
21.375  9.28256
21.625  9.28256
21.875  9.28256
22.125  9.28256
22.375  9.28256
22.625  9.28256
22.875  9.28256
23.125  9.28256
23.375  9.28256
23.625  9.28256
23.875  9.28256
24.125  9.28256
24.375  9.28256
24.625  9.28256
24.875  9.28256
PHE
0
0.25
100
0.125  9.28256
0.375  -0.822059
0.625  9.28256
0.875  9.28256
1.125  0.29663
1.375  0.209976
1.625  0.430517
1.875  0.27614
2.125  0.256591
2.375  0.207536
2.625  0.141293
2.875  0.22355
3.125  0.192906
3.375  0.136306
3.625  0.114532
3.875  0.218368
4.125  0.27385
4.375  0.253487
4.625  0.246425
4.875  0.314998
5.125  0.267663
5.375  0.279795
5.625  0.283827
5.875  0.275748
6.125  0.281403
6.375  0.290086
6.625  0.267158
6.875  0.21792
7.125  0.198324
7.375  0.170989
7.625  0.145184
7.875  0.130355
8.125  0.116501
8.375  0.102488
8.625  0.0807244
8.875  0.0505808
9.125  0.0291562
9.375  0.00732896
9.625  -0.0134236
9.875  -0.0176524
10.125  -0.0342429
10.375  -0.0546041
10.625  -0.0595772
10.875  -0.0613337
11.125  -0.0709156
11.375  -0.0761567
11.625  -0.0814126
11.875  -0.0850843
12.125  -0.0913
12.375  -0.108391
12.625  -0.107288
12.875  -0.0946063
13.125  -0.0840095
13.375  -0.081452
13.625  -0.0520581
13.875  -0.0507482
14.125  -0.0314476
14.375  0.0012566
14.625  0.0140594
14.875  0.0322638
15.125  0.0346535
15.375  0.0606302
15.625  0.0585813
15.875  0.101017
16.125  0.125909
16.375  0.142348
16.625  0.198629
16.875  0.202307
17.125  0.185994
17.375  0.313593
17.625  0.233989
17.875  0.127394
18.125  0.458615
18.375  0.449489
18.625  0.507079
18.875  0.20525
19.125  9.28256
19.375  9.28256
19.625  9.28256
19.875  9.28256
20.125  9.28256
20.375  0.195531
20.625  9.28256
20.875  9.28256
21.125  9.28256
21.375  9.28256
21.625  9.28256
21.875  9.28256
22.125  9.28256
22.375  9.28256
22.625  9.28256
22.875  9.28256
23.125  9.28256
23.375  9.28256
23.625  9.28256
23.875  9.28256
24.125  9.28256
24.375  9.28256
24.625  9.28256
24.875  9.28256
PRO
0
0.25
100
0.125  9.28256
0.375  9.28256
0.625  9.28256
0.875  0.0218072
1.125  -0.0349906
1.375  0.0568662
1.625  -0.173076
1.875  -0.147695
2.125  -0.106604
2.375  -0.165819
2.625  -0.142728
2.875  -0.136399
3.125  -0.129175
3.375  -0.147101
3.625  -0.129386
3.875  -0.131553
4.125  -0.113347
4.375  -0.131972
4.625  -0.134639
4.875  -0.134922
5.125  -0.152851
5.375  -0.158828
5.625  -0.156786
5.875  -0.155345
6.125  -0.159631
6.375  -0.137664
6.625  -0.115988
6.875  -0.101826
7.125  -0.108803
7.375  -0.0958371
7.625  -0.0816793
7.875  -0.0713749
8.125  -0.0306716
8.375  -0.0204075
8.625  -0.0201753
8.875  -0.0158243
9.125  -0.0164936
9.375  -0.00972849
9.625  0.00104588
9.875  -0.00679866
10.125  -0.00167291
10.375  0.0123532
10.625  0.0172605
10.875  0.0335924
11.125  0.0485074
11.375  0.0611097
11.625  0.0739575
11.875  0.081301
12.125  0.0934737
12.375  0.101866
12.625  0.102335
12.875  0.112657
13.125  0.119705
13.375  0.117193
13.625  0.121347
13.875  0.110771
14.125  0.13107
14.375  0.104065
14.625  0.104403
14.875  0.111522
15.125  0.0849462
15.375  0.0423576
15.625  0.095748
15.875  0.0982956
16.125  0.0903333
16.375  0.134828
16.625  0.0711775
16.875  0.141473
17.125  0.125246
17.375  0.019728
17.625  0.0652664
17.875  0.0749464
18.125  0.287737
18.375  0.0933223
18.625  0.154845
18.875  0.692095
19.125  0.0218072
19.375  -0.0570954
19.625  0.388051
19.875  9.28256
20.125  9.28256
20.375  9.28256
20.625  9.28256
20.875  9.28256
21.125  9.28256
21.375  9.28256
21.625  9.28256
21.875  9.28256
22.125  9.28256
22.375  9.28256
22.625  9.28256
22.875  9.28256
23.125  9.28256
23.375  9.28256
23.625  9.28256
23.875  9.28256
24.125  9.28256
24.375  9.28256
24.625  9.28256
24.875  9.28256
SER
0
0.25
100
0.125  9.28256
0.375  9.28256
0.625  9.28256
0.875  0.0930369
1.125  -0.0212286
1.375  0.128096
1.625  -0.14314
1.875  -0.142297
2.125  -0.127973
2.375  -0.125148
2.625  -0.105888
2.875  -0.101397
3.125  -0.119271
3.375  -0.0786962
3.625  -0.0731622
3.875  -0.0703523
4.125  -0.0862081
4.375  -0.0876616
4.625  -0.0878073
4.875  -0.0711209
5.125  -0.0929584
5.375  -0.0898694
5.625  -0.089236
5.875  -0.0769957
6.125  -0.076449
6.375  -0.0604224
6.625  -0.0718081
6.875  -0.0622371
7.125  -0.0517193
7.375  -0.039312
7.625  -0.0367622
7.875  -0.0244159
8.125  -0.0134591
8.375  -0.0117002
8.625  0.0013638
8.875  0.00703128
9.125  0.0138195
9.375  0.0116451
9.625  0.0176892
9.875  0.0381
10.125  0.0408713
10.375  0.0331267
10.625  0.0382593
10.875  0.0422804
11.125  0.0421045
11.375  0.0522484
11.625  0.0456727
11.875  0.0431118
12.125  0.0451995
12.375  0.0578419
12.625  0.0542665
12.875  0.0436297
13.125  0.0232778
13.375  0.0189307
13.625  0.0149079
13.875  0.00842959
14.125  -0.00890545
14.375  -0.026571
14.625  -0.0376268
14.875  -0.0545392
15.125  -0.0666327
15.375  -0.0771479
15.625  -0.083788
15.875  -0.0912008
16.125  -0.0882702
16.375  -0.133502
16.625  -0.12667
16.875  -0.120192
17.125  -0.12032
17.375  -0.0986079
17.625  -0.074026
17.875  -0.0486056
18.125  -0.0877564
18.375  -0.186549
18.625  -0.225268
18.875  -0.112608
19.125  -0.229595
19.375  0.0365429
19.625  -0.220373
19.875  -0.349782
20.125  -0.331017
20.375  0.113651
20.625  -0.286393
20.875  9.28256
21.125  9.28256
21.375  9.28256
21.625  9.28256
21.875  9.28256
22.125  9.28256
22.375  9.28256
22.625  9.28256
22.875  9.28256
23.125  9.28256
23.375  9.28256
23.625  9.28256
23.875  9.28256
24.125  9.28256
24.375  9.28256
24.625  9.28256
24.875  9.28256
THR
0
0.25
100
0.125  9.28256
0.375  9.28256
0.625  9.28256
0.875  9.28256
1.125  0.191927
1.375  0.283784
1.625  0.0222676
1.875  0.02326
2.125  -0.0151744
2.375  -0.00786979
2.625  -0.0477536
2.875  0.0246065
3.125  -0.0269188
3.375  -0.0428777
3.625  -0.0404189
3.875  0.0166695
4.125  0.0157724
4.375  0.0276091
4.625  0.0182716
4.875  0.0114477
5.125  -0.00178136
5.375  -0.0212251
5.625  -0.0327204
5.875  -0.00536996
6.125  -0.00845298
6.375  -0.0061637
6.625  0.0104217
6.875  0.00868075
7.125  0.00229889
7.375  -0.0119487
7.625  -0.0211286
7.875  -0.0233554
8.125  -0.014795
8.375  -0.0024191
8.625  -0.0123105
8.875  -0.00904912
9.125  -0.00712459
9.375  -0.00401379
9.625  0.00690195
9.875  -0.00175469
10.125  0.00228324
10.375  0.00146291
10.625  0.0073893
10.875  0.00808113
11.125  0.00109471
11.375  0.00650334
11.625  0.00444335
11.875  0.00771751
12.125  0.0115496
12.375  0.0219654
12.625  0.0197484
12.875  0.0154256
13.125  0.0164371
13.375  0.0159772
13.625  0.00968371
13.875  0.000150312
14.125  -0.000380847
14.375  -0.00580943
14.625  -0.00870804
14.875  -0.0276107
15.125  -0.0365139
15.375  -0.0253125
15.625  -0.0436447
15.875  -0.0244895
16.125  -0.0448557
16.375  -0.0239506
16.625  -0.0148981
16.875  -0.037151
17.125  -0.0195784
17.375  -0.0286443
17.625  0.095401
17.875  0.0636562
18.125  -0.0605765
18.375  0.14173
18.625  0.134164
18.875  -0.0985768
19.125  0.209026
19.375  0.169823
19.625  0.153525
19.875  0.115974
20.125  -0.14094
20.375  9.28256
20.625  9.28256
20.875  9.28256
21.125  9.28256
21.375  9.28256
21.625  9.28256
21.875  9.28256
22.125  9.28256
22.375  9.28256
22.625  9.28256
22.875  9.28256
23.125  9.28256
23.375  9.28256
23.625  9.28256
23.875  9.28256
24.125  9.28256
24.375  9.28256
24.625  9.28256
24.875  9.28256
TRP
0
0.25
100
0.125  9.28256
0.375  9.28256
0.625  9.28256
0.875  9.28256
1.125  -0.161835
1.375  -0.0699783
1.625  0.150563
1.875  0.457629
2.125  0.123573
2.375  0.240849
2.625  0.454339
2.875  0.232589
3.125  0.215331
3.375  0.330675
3.625  0.189514
3.875  0.26005
4.125  0.213155
4.375  0.204786
4.625  0.297943
4.875  0.310871
5.125  0.319223
5.375  0.27934
5.625  0.286303
5.875  0.259216
6.125  0.27782
6.375  0.256948
6.625  0.241097
6.875  0.235397
7.125  0.192152
7.375  0.151969
7.625  0.152591
7.875  0.10665
8.125  0.0838026
8.375  0.0655821
8.625  0.0201532
8.875  0.022459
9.125  -0.00122621
9.375  -0.00695914
9.625  -0.0181918
9.875  -0.0375083
10.125  -0.0627072
10.375  -0.0686841
10.625  -0.0755524
10.875  -0.0553602
11.125  -0.073326
11.375  -0.0793013
11.625  -0.0764908
11.875  -0.0848253
12.125  -0.0862524
12.375  -0.091622
12.625  -0.0878813
12.875  -0.0729866
13.125  -0.0565323
13.375  -0.0558226
13.625  -0.030088
13.875  -0.0122822
14.125  0.0121845
14.375  0.0341751
14.625  0.0532695
14.875  0.0513854
15.125  0.0909299
15.375  0.0875037
15.625  0.174119
15.875  0.209659
16.125  0.227336
16.375  0.22203
16.625  0.206087
16.875  0.31713
17.125  0.162191
17.375  0.273549
17.625  0.385145
17.875  0.220074
18.125  0.679804
18.375  0.405513
18.625  9.28256
18.875  9.28256
19.125  9.28256
19.375  9.28256
19.625  9.28256
19.875  9.28256
20.125  9.28256
20.375  9.28256
20.625  9.28256
20.875  9.28256
21.125  9.28256
21.375  9.28256
21.625  9.28256
21.875  9.28256
22.125  9.28256
22.375  9.28256
22.625  9.28256
22.875  9.28256
23.125  9.28256
23.375  9.28256
23.625  9.28256
23.875  9.28256
24.125  9.28256
24.375  9.28256
24.625  9.28256
24.875  9.28256
TYR
0
0.25
100
0.125  9.28256
0.375  9.28256
0.625  9.28256
0.875  9.28256
1.125  0.260067
1.375  0.173413
1.625  0.111021
1.875  0.323385
2.125  0.330111
2.375  0.235696
2.625  0.196587
2.875  0.16408
3.125  0.330214
3.375  0.24308
3.625  0.230605
3.875  0.196173
4.125  0.222044
4.375  0.313518
4.625  0.32683
4.875  0.297105
5.125  0.295201
5.375  0.270558
5.625  0.26876
5.875  0.265086
6.125  0.2674
6.375  0.260989
6.625  0.234727
6.875  0.20568
7.125  0.173285
7.375  0.1376
7.625  0.122029
7.875  0.0960515
8.125  0.101048
8.375  0.0773891
8.625  0.0494811
8.875  0.0261031
9.125  0.0034532
9.375  -0.00310025
9.625  -0.0185042
9.875  -0.023935
10.125  -0.0482814
10.375  -0.0499536
10.625  -0.0585776
10.875  -0.0581854
11.125  -0.0522563
11.375  -0.0671035
11.625  -0.0729926
11.875  -0.0873236
12.125  -0.0861926
12.375  -0.0971367
12.625  -0.0963148
12.875  -0.0873294
13.125  -0.0747777
13.375  -0.0662263
13.625  -0.0471064
13.875  -0.0381539
14.125  -0.00433957
14.375  -0.00278919
14.625  0.0363998
14.875  0.0362918
15.125  0.0810851
15.375  0.0750964
15.625  0.136492
15.875  0.152972
16.125  0.191915
16.375  0.20442
16.625  0.221764
16.875  0.187091
17.125  0.213148
17.375  0.27703
17.625  0.250901
17.875  0.381452
18.125  9.28256
18.375  0.544482
18.625  0.75345
18.875  9.28256
19.125  0.599798
19.375  9.28256
19.625  0.504598
19.875  9.28256
20.125  9.28256
20.375  9.28256
20.625  9.28256
20.875  9.28256
21.125  9.28256
21.375  9.28256
21.625  9.28256
21.875  9.28256
22.125  9.28256
22.375  9.28256
22.625  9.28256
22.875  9.28256
23.125  9.28256
23.375  9.28256
23.625  9.28256
23.875  9.28256
24.125  9.28256
24.375  9.28256
24.625  9.28256
24.875  9.28256
UNK
0
0.25
100
0.125  9.28256
0.375  9.28256
0.625  9.28256
0.875  9.28256
1.125  9.28256
1.375  9.28256
1.625  9.28256
1.875  9.28256
2.125  9.28256
2.375  9.28256
2.625  9.28256
2.875  9.28256
3.125  -0.664648
3.375  9.28256
3.625  9.28256
3.875  -0.241131
4.125  9.28256
4.375  -0.042927
4.625  -0.509848
4.875  -0.440599
5.125  9.28256
5.375  -0.142585
5.625  -0.386521
5.875  -0.465489
6.125  -0.177763
6.375  -0.380324
6.625  -0.273172
6.875  -0.071524
7.125  -0.160852
7.375  -0.217308
7.625  0.0820852
7.875  -0.107252
8.125  -0.00994528
8.375  -0.0810249
8.625  -0.147977
8.875  0.0490079
9.125  0.00985645
9.375  0.154959
9.625  -0.0530769
9.875  -0.0221085
10.125  0.0536577
10.375  0.516403
10.625  0.162567
10.875  0.0222527
11.125  0.113174
11.375  0.170951
11.625  0.351424
11.875  0.115924
12.125  0.523921
12.375  0.337235
12.625  9.28256
12.875  0.129897
13.125  0.287973
13.375  9.28256
13.625  0.410442
13.875  0.0952865
14.125  9.28256
14.375  0.112784
14.625  9.28256
14.875  9.28256
15.125  9.28256
15.375  9.28256
15.625  9.28256
15.875  -0.056939
16.125  -0.136779
16.375  -0.206808
16.625  9.28256
16.875  9.28256
17.125  9.28256
17.375  9.28256
17.625  9.28256
17.875  -0.675518
18.125  9.28256
18.375  9.28256
18.625  9.28256
18.875  9.28256
19.125  9.28256
19.375  9.28256
19.625  9.28256
19.875  9.28256
20.125  9.28256
20.375  9.28256
20.625  9.28256
20.875  9.28256
21.125  9.28256
21.375  9.28256
21.625  9.28256
21.875  9.28256
22.125  9.28256
22.375  9.28256
22.625  9.28256
22.875  9.28256
23.125  9.28256
23.375  9.28256
23.625  9.28256
23.875  9.28256
24.125  9.28256
24.375  9.28256
24.625  9.28256
24.875  9.28256
VAL
0
0.25
100
0.125  9.28256
0.375  9.28256
0.625  9.28256
0.875  9.28256
1.125  0.437133
1.375  9.28256
1.625  0.109577
1.875  0.106576
2.125  0.218584
2.375  0.228192
2.625  0.177374
2.875  0.124507
3.125  0.187289
3.375  0.104658
3.625  0.151312
3.875  0.161132
4.125  0.265784
4.375  0.270837
4.625  0.292165
4.875  0.32867
5.125  0.292161
5.375  0.309241
5.625  0.286611
5.875  0.273268
6.125  0.284177
6.375  0.272539
6.625  0.273117
6.875  0.247215
7.125  0.229839
7.375  0.209139
7.625  0.174259
7.875  0.140034
8.125  0.126154
8.375  0.127791
8.625  0.122531
8.875  0.101849
9.125  0.0743979
9.375  0.0670979
9.625  0.0543856
9.875  0.036045
10.125  0.0301051
10.375  0.00735828
10.625  -0.0103354
10.875  -0.0215678
11.125  -0.0318201
11.375  -0.0518426
11.625  -0.0659714
11.875  -0.0724113
12.125  -0.0901556
12.375  -0.0989921
12.625  -0.100967
12.875  -0.116448
13.125  -0.127494
13.375  -0.123332
13.625  -0.125055
13.875  -0.138515
14.125  -0.138951
14.375  -0.142582
14.625  -0.138905
14.875  -0.125587
15.125  -0.111814
15.375  -0.107036
15.625  -0.110982
15.875  -0.0779078
16.125  -0.0652252
16.375  -0.052823
16.625  -0.0616791
16.875  -0.0621391
17.125  -0.0340281
17.375  -0.0137701
17.625  0.047302
17.875  0.0380509
18.125  0.059028
18.375  0.081594
18.625  0.0223489
18.875  0.167243
19.125  -0.0306405
19.375  0.236518
19.625  0.267175
19.875  0.182669
20.125  0.426899
20.375  9.28256
20.625  9.28256
20.875  9.28256
21.125  9.28256
21.375  9.28256
21.625  9.28256
21.875  -0.398623
22.125  9.28256
22.375  9.28256
22.625  9.28256
22.875  9.28256
23.125  9.28256
23.375  9.28256
23.625  9.28256
23.875  9.28256
24.125  9.28256
24.375  9.28256
24.625  9.28256
24.875  9.28256
